39067
592
48241
48578
103
48925
4456
48961
37973
43993
48926
243
6016
107
48584
48211
43973
37953
261
267
265
48586
21624
11326
9735
48922
109
48771
241
221
43981
21628
9736
37975
215
199
48243
209
205
213
21626
48773
217
211
32947
97
48575
101
247
19996
19994
10111
105
2483
11328
11330
225
11332
48582
48580
10911
10921
10909
10917
21622
2970
10923
93
10919
10915
10913
10937
6018
48921
23191
48962
48960
3138
43985
99
4840
223
11324
7650
43987
43977
3004
43997
48923
1939
231
43975
2150
12181
48712
48711
3002
111
95
2152
237
235
229
3325
227
14856
43979
28253
28256
245
239
43989
43991
43983